ID_2	X	Y	elevacion	twi	arcilla	pH	COS
2	603163.55	6576899.24	100	135	30.8	6.6	25.98
3	596537.13	6390517.74	87	133	24	7.4	17.29
4	595665.51	6380483.6	93	126	28.5	6.1	17.43
5	601138.47	6353446.4	105	119	28.8	6.9	15.08
6	601798.13	6344095.95	111	127	25.2	7.4	17.3
7	587501.2	6615272.45	94	135	33.6	6.7	16.13
8	589808.18	6593000.87	97	135	35.7	6.9	15.24
9	585406.53	6575712.38	100	134	30.1	6	12.9
10	584319.93	6552571.38	100	134	32.7	6.6	15.74
11	582795.8	6536823.17	108	135	33.2	6	27.03
12	578393.83	6514829.82	103	132	25.6	6	13.2
13	583401.29	6415459.43	103	132	10.2	10	5.01
14	584191.34	6397970.97	113	130	29.3	5.6	17.38
15	581920.37	6376827.26	111	131	24	6.7	15.1
16	577542.57	6355541.79	86	125	18.3	8.4	8.73
17	584591.65	6335073.9	111	128	27.5	6	25.76
18	580626	6317237.45	112	128	37.5	7.1	16.14
19	562987.43	6573479.28	120	134	31.2	6.8	23.76
20	566036.41	6556136.64	114	133	33.4	6.4	13.66
21	562334.29	6536964.65	109	134	30.5	6	12.6
22	559369.85	6522721.97	103	130	32.4	5.8	13.46
23	560281.99	6498670.52	112	133	21.2	6.1	10.95
24	560549.49	6488512.66	111	134	24.3	5.8	13.36
25	564983.2	6460703.73	111	134	23	6.3	12.68
27	562125.92	6417161.8	115	134	23.9	6.1	23.09
28	562506.2	6396998.1	110	130	24.3	6.7	22.12
29	561287.96	6377056.62	117	132	18.6	6	17.05
30	558959.39	6356407.25	104	130	30.1	6.5	14.2
31	565136.39	6336920	107	130	26.1	5.7	9.62
32	561075.51	6317869.86	117	128	26.6	6.5	18.02
33	560453.58	6296710.81	124	128	23.3	5.8	12.9
34	561826.72	6277805.93	121	129	19.1	5.5	15.79
35	540132.48	6572395.39	79	135	37.4	6.8	17.55
36	540066.35	6554922.98	92	135	22.7	7	11.06
37	540779.77	6533414.79	108	133	29.9	6.2	16.85
38	540148.34	6525651.17	109	132	26.2	6.9	13.16
39	544374.11	6494569.02	121	133	24	6.4	18.04
40	538352.25	6481363.71	129	132	19	6.6	7.39
41	537104.55	6461968.08	127	131	25.6	6.6	22.4
42	532245.03	6442189.31	134	131	24	6.8	21.21
43	541745.02	6421084.4	129	132	21.4	6.2	16.05
44	539590.42	6394001.67	124	133	16.8	6.6	10.01
45	548155.43	6373990.13	112	130	19.6	6.6	15.44
46	540549.18	6359774.95	118	130	21.6	7.8	8.59
47	545162.87	6334934.06	118	129	20.7	6.8	20.27
48	543884.12	6320334.12	111	126	22.9	6.1	13.2
49	541060.12	6295327.98	125	124	21.4	5.89	15.42
50	534776.97	6267747.44	123	128	15.9	5.74	13.01
51	548234.61	6259178.19	136	126	20.9	5.51	15.53
54	517735.01	6571859.01	85	133	27.7	6.7	12.71
55	521452.94	6557077.16	104	131	23.5	6.5	10.1
56	518981.65	6539151.93	121	132	36.7	7.6	15.6
57	516398.81	6523475.26	130	132	26.5	7	13.84
58	526721.79	6505980.35	106	131	29.5	6.9	14.07
59	521565.99	6479407.82	141	131	25.4	7.5	6.68
60	517747.76	6451336.03	150	131	24.3	6.5	14.56
62	520817.67	6423080.91	144	130	33.6	6.2	16.9
63	521616.09	6394127.28	138	132	22.6	6.7	14.46
64	523663.16	6374579.7	133	130	23.1	6.3	14.03
65	522161.5	6361885.51	120	131	16.7	6.5	14.2
66	523948.48	6338316.61	115	130	24.1	6.3	9.41
67	522520.03	6315973.81	116	129	21.1	6.6	12.06
68	521852.54	6296956.51	122	128	14.7	6.8	8.59
69	527007.19	6280271.32	131	127	14.4	7.2	8.33
70	515660.94	6259661.03	135	126	12.7	6.7	21.39
71	521364.08	6242214.02	125	126	18.9	6.4	19.21
72	519430.2	6208789.74	122	124	22	6.4	13.85
76	497504.29	6595467.86	81	132	12.3	6.2	13.33
77	498859.46	6582924.35	88	133	34	6	20.75
78	496547.77	6554849.01	120	132	25	7.4	13.42
80	502725.07	6522890.39	142	130	21.3	6.9	11.02
81	504966.36	6496753.99	153	131	23.1	7	12.8
82	493626.25	6469272.39	168	127	26.7	6.8	17.01
83	503024.7	6459416.44	165	130	0.1	7	13.29
84	491398.68	6442386.3	184	129	20.2	6.9	18.03
85	501033.99	6417871.62	160	129	12.9	8.6	5.64
86	503837.23	6399236.74	158	129	36.9	6.2	18
87	500936.89	6377536.04	146	129	21.3	7	12.55
88	494748.6	6356124.39	146	129	19	6.2	12.32
89	500780.99	6333918.03	122	129	18.8	5.6	13.32
90	490612.02	6315769.43	129	129	12	5.81	13.9
91	499572.02	6292383.84	122	129	14.4	6.11	11.08
92	505459.79	6279686.88	125	129	16.8	5.93	10.48
93	495630.78	6254220.95	127	130	17.6	5.72	12.59
94	502250.4	6228811.57	134	126	15.7	6.6	15.67
95	500274.48	6213317.47	124	128	16.7	7.6	10.17
96	501314	6200115.09	129	128	18	7.3	14.27
98	470472.31	6684993.25	83	130	13.1	6.5	20.21
99	467093.76	6665903.52	103	131	21	7.2	19.35
101	480380.6	6596977.65	87	135	11.7	6.8	11.17
102	478336.13	6581409.06	132	134	28.8	7.4	15.44
103	478088.6	6555573.5	142	131	24.7	7	11.12
104	472449.69	6531217.66	183	129	24.4	7.6	13.32
105	479440.8	6520630.34	184	128	22	7.4	15.44
106	480565.52	6497231.48	192	128	24.3	6.9	14.31
108	481351.78	6454470.98	195	128	29.1	6.6	21.91
109	480685.62	6433791.94	196	127	24.5	7.8	9.35
110	480716.92	6417424.43	199	127	21.6	6.6	16.83
111	477386.81	6397106.59	198	127	24.4	6.2	13.26
112	477023.58	6378135.27	181	127	14.1	6.6	15.68
113	478417.9	6357823.02	160	128	18.7	6.9	14.29
114	480871.37	6337608.27	147	127	11.8	6.1	8.55
115	472700.37	6317987.42	153	126	18.5	5.48	7.63
116	481955.4	6299138.96	130	128	13.6	6.85	11.6
117	481424.93	6268437.49	129	128	17.5	6.4	13.98
118	476134.61	6246140.01	131	127	16.3	5.48	12.98
119	487791.2	6235224.29	139	128	10.4	6.7	12.19
120	479213.36	6220086.55	131	129	15.8	8.8	6.86
121	478163.29	6197930.61	132	127	12.3	8.1	4.88
123	452452.95	6685685.02	187	123	29	6.3	13.77
124	454630.37	6650994.26	145	126	25.7	6.6	20.25
125	454257.61	6632301.93	119	126	16.3	7.1	6.59
126	463017.16	6617130.56	85	135	27.7	7.3	17.41
127	459804.01	6596920.25	109	132	17.3	7	10.8
128	459951.17	6581355.85	120	135	23.8	7.5	17.26
129	462475.69	6557023.01	165	131	23.3	7.2	14.54
130	456426.16	6528027.06	222	125	26.4	6.6	18.7
132	462239.48	6500270.7	228	124	24	7.5	10.13
133	457980.52	6478448.42	240	124	23.3	6.8	13.25
134	460337.21	6457270.37	235	125	18.9	7.4	9.84
135	460414.96	6437318.15	244	125	12.8	7.4	10.43
136	459339.54	6416019.79	229	126	19.5	7.2	8.28
137	457447.09	6401522.79	225	125	20.2	6.9	12.19
138	460815.29	6380175.87	191	125	14.9	7.2	13.89
139	465851.56	6355546.78	170	128	12.9	8.2	10.53
140	464229.43	6338212.38	158	125	17.1	6.7	11.38
141	450952.97	6311663.16	186	125	20.4	5.59	13.64
142	465263.67	6296646.01	146	127	12.9	5.69	13.38
143	460321.84	6275948.22	148	125	9.2	5.45	11.26
144	456056.18	6258558.29	136	128	10.8	5.37	10.41
145	459850.71	6238129.3	137	129	12	6.8	9.01
146	460984.57	6218295.14	146	129	15.9	6.2	12.09
147	460561.64	6198267.71	143	128	17.2	6.3	13.53
148	456152.09	6175430.28	138	127	18.3	6.9	11.63
149	459156.5	6159880.09	137	128	17.6	6.1	11.67
150	448405.03	6145930.74	113	124	23.6	7.7	18.89
151	429559.32	6713097.28	629	101	19.1	7.6	22.07
152	431144.15	6693667.17	370	107	31.5	6.8	12.78
153	441061.88	6675046.78	231	122	25	6.9	12.8
154	433488.84	6656235.7	276	118	26.5	6.7	15.23
155	430584.39	6631844.69	262	121	25.1	6.8	13.54
156	439114.39	6616771.45	189	123	22.5	7.2	17.06
157	439227.16	6596823.36	186	128	27.6	6.6	13.12
158	444384.32	6572176.24	195	129	24.9	6.7	13.73
159	439454.51	6556925.52	221	126	28.8	6.7	12.72
160	439488.01	6534812.88	227	127	25.3	7	15.38
161	442482.7	6521238.9	254	127	25.1	7.4	14.37
162	437738.53	6502293.25	286	125	23.2	7.2	13.27
163	437197.36	6476251.34	280	124	23.2	6.6	14.8
164	440689.25	6459393.96	279	123	23.5	7	10.4
165	440150.88	6437218.73	284	121	13	6.8	12.62
166	436267.75	6422024.45	281	124	21.1	6.6	17.44
167	443077.86	6398613.19	241	124	17.5	6.8	17.74
168	435863.85	6379223.07	241	123	14.4	6.35	9.28
169	446602.99	6357883.3	209	124	5.2	6.03	8.1
170	442929	6343521.97	215	122	10.9	5.71	10.21
171	439491.94	6318077.2	211	122	6.7	5.71	8.38
172	431151.69	6297512.12	207	123	24.1	5.83	11.75
173	440484.77	6275979.3	175	126	8	5.5	7.54
174	440098.62	6250708.9	153	126	10.2	6.42	8.51
175	443317.34	6244372.51	150	124	15	5.63	9.49
176	440967.5	6227406.82	137	129	10.2	9.2	5.31
177	438685.11	6206639.95	147	128	15.8	7.7	9.93
178	440748.31	6181170.21	140	129	16.8	6.6	12.74
179	435022.64	6151497.02	140	125	14.6	6.8	10.89
180	445299.77	6133187.62	127	123	17.4	6.4	11.13
181	409646.23	6716651.09	648	109	20.2	8	20.78
182	414484.44	6691598.27	621	108	18.4	7.7	24.71
183	418050.85	6676477.99	462	100	27.4	6.8	18.33
184	414909.64	6656060.91	442	98	26.9	6.9	24.22
185	415617.58	6642028.94	420	110	25.4	7.1	18.31
186	423666.86	6616209.04	308	118	31.5	6.2	17.06
187	418240.45	6593812.04	338	119	27.8	5.9	17.37
188	414895.03	6575416.09	362	115	27.3	7	17.94
189	408415.59	6559530.63	397	117	31.3	6.9	24.55
190	419639.81	6535326.89	314	127	27.5	6.9	14.49
191	418820.67	6517895.2	327	124	23.4	6.7	17.06
192	419416.76	6496935.98	333	122	22.1	6.7	19.5
193	420262.09	6480316.16	325	120	23.5	6.9	15.99
194	419729.09	6457031.74	329	122	16.4	6.5	9.34
195	419886.44	6437078.79	327	117	30.7	7	9.58
196	422555.73	6416998.92	308	122	18.1	6.7	13.76
197	424187.59	6394252.6	277	120	12.3	6.46	9.92
198	420123.24	6377094.15	307	118	18.6	5.99	13.51
199	416997.72	6363301.56	280	120	7.2	6.93	7.17
200	425171.03	6344753	257	120	13.9	6.19	12.13
201	417917.15	6326745.97	283	119	14.9	6.66	15.58
202	423547.62	6312202.42	250	120	11.1	5.31	11.77
203	420675.52	6277073.31	209	119	13.6	5.45	11.75
204	432630.41	6256210.77	161	124	14	5.98	8.84
205	415059.81	6233150.92	176	124	16.2	6.3	10.96
206	415498.84	6218452.95	165	125	12.8	6.2	10.5
207	413075.1	6197489.78	165	128	13.3	6.3	7.51
208	421888.16	6180591.73	152	126	15.5	6.2	7.32
209	414970.18	6156712.11	145	124	12.2	6.4	6.49
210	415114.34	6136351.04	145	126	13.1	6.4	12.67
211	393546.63	6719911.08	447	105	34.6	7.7	20.71
213	400509.73	6673860.22	864	102	24.3	7.3	26.54
214	388211.04	6657911.83	911	101	14.9	7.4	13.13
215	397694.75	6636408.88	648	100	28.6	6.8	23.79
216	401699.9	6616495.67	494	104	24.1	7.2	15.48
217	398072.08	6596511.07	551	110	26.9	6.1	25.94
218	398262.26	6576561.37	533	113	22.7	6.9	15.61
219	391757.12	6558626.52	531	108	36.1	6.5	21.55
220	399062.75	6541123.71	317	118	23.1	7.3	10.15
221	402114.27	6516158.45	377	119	26.9	6.4	15.65
222	399184.91	6498205.87	383	124	24.4	7	11.19
223	393818.33	6473952.7	410	125	21	6.9	11.32
224	390997.43	6456295.53	444	113	21	7.2	11.75
225	399621.51	6436898.31	389	119	14.9	7	8.73
226	398740.66	6419517.58	424	115	16.8	5.98	11.23
227	406077.5	6399415.16	389	114	13.4	6.47	10.69
228	401547.59	6373100.2	399	115	4.1	6.16	6.71
229	401702.31	6355988.66	332	121	9.9	5.88	7.51
230	406179.76	6343826.65	328	117	11	5.75	25.39
231	407790.89	6317411.91	298	117	11.2	6	8.35
232	409014.56	6295733.5	261	113	11.5	5.86	8.97
233	401905.27	6279373.63	282	118	15.4	6.5	13.91
234	401472.93	6255903.18	223	123	16	6.3	10.69
235	398589.21	6235904.79	189	125	12.8	9.6	6.84
236	402509.29	6212628.59	180	125	17	7.5	10.78
237	393126.66	6195884.81	183	126	12.1	6.2	7.85
238	400762.87	6181512.71	170	126	14.8	6.4	8.8
239	394375.15	6156444.52	160	127	8.8	6.5	4.76
240	400352.31	6138833.54	155	126	12.1	6.6	5.83
241	375837.03	6714323.16	254	113	22.4	6.5	24.13
242	365386.79	6695977.78	738	128	26.9	6.9	14.82
245	377040.03	6636194.96	755	78	23.4	7	21.14
246	382613.13	6619021.46	726	110	26	6.8	15.74
248	379647.2	6574478.26	714	106	19.5	6.7	25.13
249	377951.96	6556394.26	706	95	16.1	6.9	27.61
250	379858.94	6542664.31	554	105	26.23	7.01	17.7
251	379912.81	6513834.93	508	110	29.7	6.9	17
252	378648.57	6496538.18	477	112	27.2	7	18.56
253	378883.18	6476585.09	457	110	26.2	7.1	18.66
254	373300.19	6454148.92	560	106	24.7	7.2	18.91
255	379355.97	6436677.28	434	108	25.3	7.1	17.43
256	376539.45	6419165.35	576	110	6.7	7.1	3.2
257	374614.17	6394682.13	657	105	12.4	7.4	13.09
258	378122.04	6374188.83	529	111	8.5	7.4	9.67
259	371612.33	6361512.93	520	116	12.9	6.4	16.39
260	383588.56	6341232.69	420	116	27.5	6.5	25
261	374332.38	6317590.17	385	116	19	6.4	14.2
262	381632.96	6292313.34	290	123	10.2	6.7	9.29
263	384813.95	6282947.56	272	124	8.6	6.5	9.39
264	377971.74	6258673.41	232	124	12.4	6.3	11.1
265	378353.93	6241497.3	219	126	13.3	6.2	8.48
266	385668.46	6223914.94	199	125	13	6	9.76
267	372920.76	6201697.05	209	124	11.8	6.6	8.07
268	373822.74	6168505.49	177	120	3.3	6.7	8.96
269	374283.45	6155857.43	185	124	8.2	6.8	8.26
270	379627.02	6134719.16	175	122	33.2	7.7	8.82
271	348711.77	6711924.3	136	127	6.4	7.2	2.8
272	358202.87	6708195.37	160	125	10.3	6.7	8.9
273	362072.5	6681196.78	362	112	17.1	7.6	20.8
274	355738.66	6657257.94	408	115	11.5	8.3	10.96
276	357028.12	6627659.12	684	108	18.7	7.7	21.54
277	357836.55	6595032.22	1079	80	16.7	7.4	29.33
278	357181.26	6576089.43	1069	79	10.5	7.5	31.89
279	357460.41	6556070.9	911	96	2.6	7.5	19.01
280	357799.36	6535105.05	744	96	11.8	7	31.88
281	363571.89	6515525.91	651	111	25	7.1	20.89
282	366450.72	6494150.24	517	111	17.1	6.8	18.22
283	358491.87	6479634.73	807	96	26.4	7.4	21.68
284	364859.82	6456430.94	592	97	25.4	7.2	14.55
285	352374.61	6437236.25	537	107	18.4	7.5	14.56
286	360020.37	6412715.79	641	105	9.8	7.3	17.28
287	360639.91	6397543.36	729	110	15.5	7.4	12.14
288	363104.17	6380446.41	679	107	12.4	7.5	13.2
289	363949.38	6366384.19	618	108	13.6	6.8	9.56
290	360297.21	6339369.19	500	120	18	6.7	16.79
291	358906.86	6318190.95	473	116	16.8	6.6	10.56
292	368023.83	6297300.27	350	118	19.4	6.2	15.28
293	356796.29	6281601.06	344	121	18.2	6.4	9.52
294	360840.65	6258419.58	291	125	19.7	6	12.47
295	357728.13	6243261.45	269	126	11.4	6.3	7.15
297	372915.38	6201693.21	228	124	8.4	6.8	6.75
298	369232.85	6178825.41	202	123	13.2	6.7	7.37
299	354127	6154878.16	222	121	6.4	6.7	5.03
300	364634.38	6141008.11	192	121	11.5	6.5	4.84
301	322034.07	6722198.55	190	134	44.6	8	2.75
302	336988.39	6702457.44	232	121	11.6	7.6	11.37
303	342934.94	6678616.6	198	125	10	7.4	6.74
304	333942.32	6663125.3	194	128	27.1	7.9	5.91
305	339487.39	6636140.96	419	111	20.8	7.4	17.03
313	351274.03	6477362.73	772	102	33.2	6.4	36.05
314	340121.95	6459510.02	1113	90	35.5	6.5	18.83
316	358358.83	6422919.2	565	112	9.5	6.6	11.37
317	348091.44	6386836.04	761	103	13.4	6.6	13.23
318	338135.22	6376680.99	864	101	18.1	6.7	23.57
319	335929.72	6354151.04	687	109	27.5	6.6	30.54
320	338757.84	6338936.77	682	115	36.4	6.7	17.23
321	348477.51	6320510.23	553	109	7.4	7.4	10.4
322	343471.42	6292973.66	442	119	16.6	6.1	7.53
324	331109.74	6247386.21	338	126	10	6.7	7.22
327	342963.04	6193914.84	258	125	6.2	6.9	4.21
328	343616.12	6170951.63	239	124	0	6.4	5.2
329	336324.51	6164347.09	250	120	20.6	6.7	7.62
330	344720.89	6134253.69	244	117	34.3	7.1	8.91
333	314936.82	6654861.62	210	128	9.5	7.3	6.8
334	326153.79	6628397.33	371	115	15.6	6.8	15.35
335	315026.93	6615022.32	382	120	12.3	7.7	9.91
336	318722.78	6592812.81	574	109	15.9	7.5	14.55
337	302508.48	6573026.77	702	109	18.7	7	19.79
340	310568.45	6517138.98	1425	84	17.6	7.9	36.13
342	316152.47	6474608.25	903	89	24.3	7.4	27.07
343	304247.81	6459884.72	859	107	18.5	7.3	27.94
344	307888.35	6436237.59	786	100	19.6	7.4	13.17
346	326290.24	6358536.99	805	102	1.1	6.7	30.5
347	323251.74	6333010.66	767	106	7.3	7.7	16
348	323107.77	6317897.91	703	110	7	6.9	9.46
349	323918.45	6296466.95	553	117	11.1	6.3	7.07
350	313421.09	6284488.11	509	114	11.5	6.4	7.39
351	311319.28	6250933.95	384	123	7.2	6.7	3.61
352	316141.01	6234886.63	346	124	11.9	6.5	7.15
353	312199.39	6218220.17	338	126	10.1	6.4	8.41
354	322774.56	6196569.08	295	122	5.7	6.4	3.92
355	313315.45	6173792.07	289	122	9.6	6.5	5.13
356	314626.09	6153623.93	281	118	11.4	6.6	4.5
357	314547.33	6135107.22	265	116	12.6	6.9	11.25
360	303239.8	6620640.32	327	120	13.2	7.6	15.17
361	292241.24	6594051.38	419	117	20	7.2	14.56
362	304823.83	6586069.64	536	117	13.6	7.4	11.09
363	299754.13	6554098.11	727	120	5.8	8.2	15.53
364	299158.85	6536650.69	940	116	21.9	7.1	16.22
365	292274.01	6516661.6	1023	118	10.7	6.6	11.49
366	300315.59	6496947.28	1011	112	24	6.2	10.95
367	295007.18	6475753.8	685	111	14.3	7.7	15.5
369	295427.46	6437040.03	546	120	13.6	7.3	16.29
372	256688.95	6610529.25	207	127	7.4	6.9	10.08
373	271612.19	6610071.71	274	122	14.6	7.1	12.3
374	278760.28	6590394.23	444	93	10.3	6.8	17.48
375	273995.79	6573164.52	681	99	2.8	7.9	15.03
376	284724.37	6544881.61	1006	109	15.6	8	13.82
377	281465.52	6528076.84	1103	94	6.9	7.2	8.5
378	270532.17	6513492.98	373	110	7.1	7	14.78
379	281067.79	6495185.77	387	112	4	7.1	13.42
380	270093.88	6473571.28	399	125	8	8	8.71
381	277578.34	6454922.98	457	129	9.1	6.9	8.13
382	257921.06	6610370.74	212	128	8.5	7	10.02
383	246082.72	6589469.07	219	129	8.5	7.2	10.5
384	250409.82	6572977.82	208	129	7.2	7.4	5.06
385	235888.31	6553600.88	264	126	4	7.1	8.98
386	251686.09	6530851.08	264	124	9.7	7.5	6.96
387	251673.61	6518741.32	370	126	6.9	7.5	5.78
388	260311.31	6503994.26	284	126	10.1	7.5	10.09
389	244261.6	6468474.59	343	126	8.8	8	9.66
390	356043.7	6636299.33	579	110	17.2	7.8	28.36
391	259768.22	6551775.97	259	110	8.5	7.2	7.44
1241	381213.78	6709303.8	382	106	5.3	7.2	34.42
